1221 1221 6
1221 1236 2
1221 1246 2
1221 1234 2
1221 1237 2
1221 1223 2
1221 1232 2
1221 1222 2
1221 1239 2
1221 1238 2
1221 1245 2
1221 1242 2
1221 1243 2
1221 1240 2
1221 1241 2
1221 1244 2
1221 1235 2
1221 1233 3
1221 1228 1
1221 1231 2
1221 1230 2
1221 1229 2
1221 1226 2
1221 1225 2
1221 1224 2
1221 1192 2
1221 515 2
1221 1164 2
1221 1213 1
1221 1227 2
1221 10 2
1221 600 2
1221 601 2
1221 1198 2
1221 602 2
1221 480 2
1221 25 2
1221 19 2
1221 1199 1
1221 20 2
1221 3 2
1221 1190 2
1221 1186 2
1221 1197 2
1221 599 1
1221 603 2
1221 9 2
1221 1218 1
1221 1200 1
1221 11 1
492 492 10
492 512 4
492 494 2
492 500 2
492 493 3
492 513 5
492 514 2
492 499 2
492 509 2
492 503 2
492 504 2
492 511 2
492 502 2
492 496 3
492 507 1
492 505 1
492 510 1
492 501 1
492 508 1
492 506 1
492 498 1
492 497 1
492 1212 1
492 1188 2
492 1157 2
492 1158 2
492 490 2
492 597 2
492 483 2
492 1165 1
492 1 1
492 1210 2
492 1209 1
492 1207 1
492 23 1
492 1206 1
492 1205 1
492 1203 1
492 1201 1
492 1181 1
492 1183 1
492 1195 1
492 553 1
492 554 1
492 491 1
492 1193 1
492 1184 1
492 482 1
492 495 1
492 1214 1
492 1219 1
555 555 18
555 593 2
555 594 2
555 596 2
555 579 2
555 566 3
555 585 2
555 583 2
555 584 2
555 561 2
555 556 3
555 578 3
555 577 2
555 576 2
555 565 2
555 589 2
555 604 2
555 591 2
555 560 1
555 568 1
555 569 1
555 582 1
555 580 1
555 581 1
555 563 2
555 564 2
555 562 2
555 573 1
555 567 1
555 571 1
555 574 1
555 572 1
555 570 1
555 575 1
555 557 3
555 559 3
555 558 3
555 548 1
555 1215 1
555 1220 1
555 607 1
555 588 1
555 587 1
555 586 1
555 1159 1
555 487 1
555 551 1
555 1155 1
555 550 1
555 549 1
555 485 1
555 590 1
555 592 1
555 595 1
24 24 8
24 42 3
24 12 1
24 16 2
24 37 2
24 39 2
24 40 2
24 34 2
24 17 2
24 36 2
24 479 2
24 31 2
24 38 2
24 45 2
24 33 2
24 35 2
24 44 3
24 30 1
24 46 3
24 29 2
24 476 3
24 478 3
24 28 1
24 43 3
24 27 1
24 477 3
24 26 1
24 157 2
24 268 1
24 379 1
24 420 1
24 431 1
24 442 1
24 453 1
24 464 1
24 47 1
24 58 1
24 69 1
24 80 1
24 91 1
24 102 1
24 113 1
24 124 1
24 135 1
24 146 1
24 158 1
24 169 1
24 180 1
24 191 1
24 202 1
24 213 1
24 224 1
24 235 1
24 246 1
24 257 1
24 269 1
24 280 1
24 291 1
24 302 1
24 313 1
24 324 1
24 335 1
24 346 1
24 357 1
24 368 1
24 380 1
24 391 1
24 402 1
24 413 1
24 414 1
24 415 1
24 416 1
24 417 1
24 418 1
24 419 1
24 421 1
24 422 1
24 423 1
24 424 1
24 425 1
24 426 1
24 427 1
24 428 1
24 429 1
24 430 1
24 432 1
24 433 1
24 434 1
24 435 1
24 436 1
24 437 1
24 438 1
24 439 1
24 440 1
24 441 1
24 443 1
24 444 1
24 445 1
24 446 1
24 447 1
24 448 1
24 449 1
24 450 1
24 451 1
24 452 1
24 454 1
24 455 1
24 456 1
24 457 1
24 458 1
24 459 1
24 460 1
24 461 1
24 462 1
24 463 1
24 465 1
24 466 1
24 467 1
24 468 1
24 469 1
24 470 1
24 471 1
24 472 1
24 473 1
24 474 1
24 48 1
24 49 1
24 50 1
24 51 1
24 52 1
24 53 1
24 54 1
24 55 1
24 56 1
24 57 1
24 59 1
24 60 1
24 61 1
24 62 1
24 63 1
24 64 1
24 65 1
24 66 1
24 67 1
24 68 1
24 70 1
24 71 1
24 72 1
24 73 1
24 74 1
24 75 1
24 76 1
24 77 1
24 78 1
24 79 1
24 81 1
24 82 1
24 83 1
24 84 1
24 85 1
24 86 1
24 87 1
24 88 1
24 89 1
24 90 1
24 92 1
24 93 1
24 94 1
24 95 1
24 96 1
24 97 1
24 98 1
24 99 1
24 100 1
24 101 1
24 103 1
24 104 1
24 105 1
24 106 1
24 107 1
24 108 1
24 109 1
24 110 1
24 111 1
24 112 1
24 114 1
24 115 1
24 116 1
24 117 1
24 118 1
24 119 1
24 120 1
24 121 1
24 122 1
24 123 1
24 125 1
24 126 1
24 127 1
24 128 1
24 129 1
24 130 1
24 131 1
24 132 1
24 133 1
24 134 1
24 136 1
24 137 1
24 138 1
24 139 1
24 140 1
24 141 1
24 142 1
24 143 1
24 144 1
24 145 1
24 147 1
24 148 1
24 149 1
24 150 1
24 151 1
24 152 1
24 153 1
24 154 1
24 155 1
24 156 1
24 159 1
24 160 1
24 161 1
24 162 1
24 163 1
24 164 1
24 165 1
24 166 1
24 167 1
24 168 1
24 170 1
24 171 1
24 172 1
24 173 1
24 174 1
24 175 1
24 176 1
24 177 1
24 178 1
24 179 1
24 181 1
24 182 1
24 183 1
24 184 1
24 185 1
24 186 1
24 187 1
24 188 1
24 189 1
24 190 1
24 192 1
24 193 1
24 194 1
24 195 1
24 196 1
24 197 1
24 198 1
24 199 1
24 200 1
24 201 1
24 203 1
24 204 1
24 205 1
24 206 1
24 207 1
24 208 1
24 209 1
24 210 1
24 211 1
24 212 1
24 214 1
24 215 1
24 216 1
24 217 1
24 218 1
24 219 1
24 220 1
24 221 1
24 222 1
24 223 1
24 225 1
24 226 1
24 227 1
24 228 1
24 229 1
24 230 1
24 231 1
24 232 1
24 233 1
24 234 1
24 236 1
24 237 1
24 238 1
24 239 1
24 240 1
24 241 1
24 242 1
24 243 1
24 244 1
24 245 1
24 247 1
24 248 1
24 249 1
24 250 1
24 251 1
24 252 1
24 253 1
24 254 1
24 255 1
24 256 1
24 258 1
24 259 1
24 260 1
24 261 1
24 262 1
24 263 1
24 264 1
24 265 1
24 266 1
24 267 1
24 270 1
24 271 1
24 272 1
24 273 1
24 274 1
24 275 1
24 276 1
24 277 1
24 278 1
24 279 1
24 281 1
24 282 1
24 283 1
24 284 1
24 285 1
24 286 1
24 287 1
24 288 1
24 289 1
24 290 1
24 292 1
24 293 1
24 294 1
24 295 1
24 296 1
24 297 1
24 298 1
24 299 1
24 300 1
24 301 1
24 303 1
24 304 1
24 305 1
24 306 1
24 307 1
24 308 1
24 309 1
24 310 1
24 311 1
24 312 1
24 314 1
24 315 1
24 316 1
24 317 1
24 318 1
24 319 1
24 320 1
24 321 1
24 322 1
24 323 1
24 325 1
24 326 1
24 327 1
24 328 1
24 329 1
24 330 1
24 331 1
24 332 1
24 333 1
24 334 1
24 336 1
24 337 1
24 338 1
24 339 1
24 340 1
24 341 1
24 342 1
24 343 1
24 344 1
24 345 1
24 347 1
24 348 1
24 349 1
24 350 1
24 351 1
24 352 1
24 353 1
24 354 1
24 355 1
24 356 1
24 358 1
24 359 1
24 360 1
24 361 1
24 362 1
24 363 1
24 364 1
24 365 1
24 366 1
24 367 1
24 369 1
24 370 1
24 371 1
24 372 1
24 373 1
24 374 1
24 375 1
24 376 1
24 377 1
24 378 1
24 381 1
24 382 1
24 383 1
24 384 1
24 385 1
24 386 1
24 387 1
24 388 1
24 389 1
24 390 1
24 392 1
24 393 1
24 394 1
24 395 1
24 396 1
24 397 1
24 398 1
24 399 1
24 400 1
24 401 1
24 403 1
24 404 1
24 405 1
24 406 1
24 407 1
24 408 1
24 409 1
24 410 1
24 411 1
24 412 1
24 32 1
24 475 1
24 1175 1
24 18 1
24 1179 1
24 1178 1
24 1170 1
24 1171 1
24 1176 1
24 1174 1
24 1177 1
24 1167 1
24 1169 1
24 1172 1
24 1173 1
24 1168 1
24 41 1
24 484 1
517 517 15
517 546 6
517 537 5
517 535 5
517 543 3
517 544 6
517 536 5
517 545 5
517 531 6
517 534 5
517 532 5
517 533 5
517 530 5
517 520 5
517 522 5
517 521 5
517 525 5
517 519 1
517 541 1
517 540 1
517 538 1
517 542 1
517 539 1
517 529 2
517 524 2
517 528 2
517 527 2
517 523 2
517 526 2
517 552 2
517 518 2
517 547 2
517 1202 1
517 1154 1
517 1180 1
517 1156 1
517 481 1
517 1194 1
517 1182 1
517 22 1
517 23 1
517 1187 1
517 488 1
517 1209 1
517 1204 1
517 1205 1
517 606 1
517 598 1
517 1160 1
517 1211 1
517 1166 1
517 605 1
517 489 1
517 1196 1
517 486 1
517 1217 1
517 516 1
517 1185 1
517 1189 1
517 1163 1
517 1208 1
608 608 18
608 1030 2
608 1073 2
608 1143 2
608 622 2
608 2 2
608 4 2
608 5 2
608 6 2
608 7 2
608 8 2
608 13 2
608 14 2
608 15 2
608 21 2
608 1031 2
608 673 2
608 699 2
608 665 2
608 670 2
608 675 2
608 668 2
608 666 2
608 669 2
608 672 2
608 667 2
608 664 2
608 674 2
608 671 2
608 1109 2
608 765 2
608 700 2
608 613 2
608 652 2
608 677 2
608 1145 1
608 869 1
608 866 1
608 1068 1
608 865 1
608 688 1
608 752 1
608 948 1
608 620 1
608 972 1
608 977 1
608 932 1
608 1066 1
608 625 1
608 747 1
608 876 1
608 875 1
608 1053 1
608 651 1
608 650 1
608 1111 1
608 1110 1
608 1117 1
608 1033 1
608 1009 1
608 738 1
608 737 1
608 1106 1
608 874 1
608 863 1
608 1077 1
608 864 1
608 706 1
608 832 1
608 844 1
608 838 1
608 1094 1
608 1013 1
608 649 1
608 854 1
608 1038 1
608 1001 1
608 785 1
608 636 1
608 851 1
608 1002 1
608 1003 1
608 1133 1
608 1127 1
608 648 1
608 743 1
608 1069 1
608 742 1
608 777 1
608 757 1
608 1139 1
608 1050 1
608 1051 1
608 701 1
608 681 1
608 1076 1
608 921 1
608 739 1
608 954 1
608 1080 1
608 880 1
608 711 1
608 805 1
608 928 1
608 687 1
608 1150 1
608 871 1
608 827 1
608 697 1
608 645 1
608 993 1
608 879 1
608 951 1
608 766 1
608 618 1
608 624 1
608 984 1
608 696 1
608 695 1
608 942 1
608 770 1
608 1047 1
608 1048 1
608 982 1
608 1093 1
608 1088 1
608 736 1
608 1087 1
608 992 1
608 890 1
608 760 1
608 888 1
608 806 1
608 889 1
608 1104 1
608 1000 1
608 907 1
608 1059 1
608 756 1
608 906 1
608 1096 1
608 807 1
608 1039 1
608 1072 1
608 963 1
608 798 1
608 637 1
608 1075 1
608 887 1
608 859 1
608 769 1
608 883 1
608 791 1
608 835 1
608 839 1
608 1089 1
608 837 1
608 611 1
608 1129 1
608 894 1
608 943 1
608 915 1
608 804 1
608 920 1
608 970 1
608 1095 1
608 828 1
608 830 1
608 821 1
608 1097 1
608 1074 1
608 843 1
608 985 1
608 986 1
608 758 1
608 923 1
608 713 1
608 840 1
608 802 1
608 964 1
608 755 1
608 916 1
608 1058 1
608 790 1
608 799 1
608 794 1
608 612 1
608 642 1
608 1118 1
608 621 1
608 776 1
608 630 1
608 795 1
608 741 1
608 734 1
608 683 1
608 848 1
608 872 1
608 735 1
608 1045 1
608 867 1
608 1044 1
608 678 1
608 679 1
608 1071 1
608 919 1
608 709 1
608 1041 1
608 855 1
608 881 1
608 632 1
608 710 1
608 746 1
608 690 1
608 995 1
608 1055 1
608 1122 1
608 714 1
608 726 1
608 643 1
608 842 1
608 744 1
608 858 1
608 745 1
608 936 1
608 704 1
608 788 1
608 727 1
608 646 1
608 987 1
608 938 1
608 1007 1
608 787 1
608 829 1
608 1101 1
608 1100 1
608 1060 1
608 1056 1
608 1010 1
608 966 1
608 732 1
608 1123 1
608 686 1
608 1098 2
608 1078 1
608 1043 1
608 989 1
608 1042 1
608 1040 1
608 1149 1
608 1061 1
608 882 1
608 1085 1
608 990 1
608 1019 1
608 740 1
608 1086 1
608 684 1
608 772 1
608 999 1
608 780 1
608 831 1
608 885 1
608 836 1
608 860 1
608 808 1
608 1081 1
608 685 1
608 728 1
608 937 1
608 1022 1
608 809 1
608 978 1
608 1005 1
608 682 1
608 754 1
608 676 1
608 850 1
608 1132 1
608 1091 1
608 773 1
608 626 1
608 1006 1
608 1136 1
608 997 1
608 1052 1
608 893 1
608 708 1
608 1008 1
608 988 1
608 1102 1
608 1128 1
608 1112 1
608 841 1
608 922 1
608 884 1
608 1090 1
608 826 1
608 1114 1
608 811 1
608 873 1
608 1065 1
608 965 1
608 1142 1
608 1120 1
608 924 1
608 1012 1
608 1014 1
608 623 1
608 910 1
608 979 1
608 845 1
608 629 1
608 784 1
608 1015 1
608 717 1
608 627 1
608 628 1
608 1124 1
608 803 1
608 1054 1
608 814 1
608 707 1
608 1046 1
608 797 1
608 783 1
608 847 1
608 703 1
608 633 1
608 1057 1
608 969 1
608 730 1
608 615 1
608 614 1
608 1116 1
608 898 1
608 660 1
608 1037 1
608 771 1
608 610 1
608 1148 1
608 940 1
608 698 1
608 639 1
608 712 1
608 657 1
608 886 1
608 1121 1
608 764 1
608 812 1
608 819 1
608 1119 1
608 817 1
608 789 1
608 918 1
608 751 1
608 1125 1
608 1108 1
608 781 2
608 974 1
608 973 1
608 1105 1
608 930 1
608 892 1
608 813 1
608 870 1
608 1113 1
608 957 1
608 1137 1
608 1049 1
608 983 1
608 1067 1
608 908 1
608 810 1
608 1062 1
608 609 1
608 958 1
608 933 1
608 1134 1
608 955 1
608 976 1
608 825 1
608 638 1
608 849 1
608 962 1
608 718 1
608 775 1
608 945 1
608 934 1
608 1026 1
608 981 1
608 1063 1
608 1141 1
608 815 1
608 878 1
608 749 1
608 1146 1
608 994 1
608 1083 1
608 929 1
608 939 1
608 1135 1
608 1099 1
608 1017 1
608 733 1
608 1029 1
608 1025 1
608 1144 1
608 655 1
608 998 1
608 656 1
608 619 1
608 1084 1
608 935 1
608 774 1
608 1082 1
608 1064 1
608 793 1
608 925 1
608 941 1
608 702 1
608 834 1
608 1027 1
608 853 1
608 967 1
608 759 1
608 868 1
608 662 1
608 862 1
608 801 1
608 1028 1
608 891 1
608 818 1
608 750 1
608 1126 1
608 1130 1
608 1032 1
608 1024 1
608 991 1
608 1004 1
608 729 1
608 947 1
608 944 1
608 927 1
608 1034 1
608 1131 1
608 926 1
608 996 1
608 953 1
608 905 1
608 1011 1
608 1036 1
608 796 1
608 722 1
608 1018 1
608 635 1
608 1021 1
608 782 1
608 1079 1
608 800 1
608 1016 1
608 960 1
608 1023 1
608 1020 1
608 763 1
608 911 1
608 659 1
608 917 1
608 949 1
608 778 1
608 961 1
608 617 1
608 663 1
608 1103 1
608 852 1
608 761 1
608 767 1
608 1107 1
608 950 1
608 968 1
608 654 1
608 653 1
608 634 1
608 912 1
608 689 1
608 705 1
608 721 1
608 792 1
608 902 1
608 647 1
608 897 1
608 1140 1
608 723 1
608 1115 1
608 641 1
608 720 1
608 724 1
608 644 1
608 980 1
608 903 1
608 692 1
608 616 1
608 822 1
608 1138 1
608 1070 1
608 725 1
608 895 1
608 899 1
608 913 1
608 914 1
608 900 1
608 896 1
608 1153 1
608 693 1
608 959 1
608 691 1
608 909 1
608 640 1
608 901 1
608 1151 1
608 716 1
608 824 1
608 820 1
608 731 1
608 877 1
608 631 1
608 658 1
608 1092 1
608 1035 1
608 748 1
608 856 1
608 1152 1
608 956 1
608 719 1
608 768 1
608 715 1
608 786 1
608 661 1
608 975 1
608 857 1
608 931 1
608 680 1
608 833 1
608 952 1
608 971 1
608 861 1
608 1147 1
608 904 1
608 823 1
608 846 1
608 762 1
608 694 1
608 753 1
608 816 1
608 779 1
608 946 1
608 1191 2
608 1162 1
608 1161 1
608 1216 1
